fileNameArray = [
    "2013-05-28_MAZE1", 
    "2013-05-28_MAZE5",
    "2013-05-28_MAZE6",
    "2013-05-28_MAZE8",
    "2013-05-28_MAZE11",
    "2013-05-28_MAZE12",
    "2013-05-29_MAZE1", 
    "2013-05-29_MAZE5",
    "2013-05-29_MAZE6",
    "2013-05-29_MAZE8",
    "2013-05-29_MAZE11",
    "2013-05-29_MAZE12",
    "2013-05-25_MAZE1", 
    "2013-05-25_MAZE5",
    "2013-05-25_MAZE6",
    "2013-05-25_MAZE8",
    "2013-05-25_MAZE11",
    "2013-05-25_MAZE12"
%     "2013-10-11_MAZE1", 
%     "2013-10-11_MAZE5",
%     "2013-10-11_MAZE6",
%     "2013-10-11_MAZE8",
%     "2013-10-11_MAZE11",
%     "2013-10-11_MAZE12"
    ];